latitude = 41.656301
longitude = -0.878705
zoom = 15